0 1
2 3
4 5
6 7
8 9
10 11
12 13
14 2
15 11
15 16
17 15
4 18
2 19
20 21
17 22
12 23
24 25
20 26
24 27
15 26
20 28
12 29
6 26
0 30
4 31
6 10
10 32
2 33
34 35
36 34
37 38
39 40
39 41
14 15
34 36
14 42
43 44
45 46
2 15
47 48
49 50
51 52
2 50
39 53
14 54
8 55
24 56
52 51
4 28
6 28
17 57
17 58
3 33
59 33
37 60
61 33
62 63
8 64
65 28
20 57
0 66
2 67
8 30
14 68
10 26
37 69
70 71
3 67
3 72
43 73
3 74
8 41
49 27
24 75
27 76
61 77
61 78
20 79
59 80
43 81
43 17
20 15
8 82
15 7
37 83
2 42
14 84
37 27
0 50
24 31
2 74
43 83
4 85
3 15
10 7
3 50
10 15
24 86
24 18
37 25
71 70
35 34
24 38
0 55
0 87
4 33
14 83
43 88
89 90
47 91
46 45
43 92
